年份  社会商品零售总额  国内生产总值
1979 1 800 4 067.7
1980 2 140 4 551.6
1981 2 350 4 898.1
1982 2 570 5 333
1983 2 849.4 5 975.6
1984 3 376.4 7 226.3
1985 4 305 9 039.9
1986 4 950 10 308.8
1987 5 820 12 102.2
1988 7 440 15 101.1 
1989 8 101.4 17 090.3 
1990 8 300.1 18 774.3 
1991 9 415.6 21 895.5
1992 10 993.7 27 068.3
1993 14 270.4 35 524.3
1994 18 622.9 48 459.6
1995 23 613.8 61 129.8
1996 28 360.2 71 572.3
1997 31 252.9 79 429.5
1998 33 378.1 84 883.7 
1999 35 647.9 90 187.7
2000 39 105.7 99 776.3 
2001 43 055.4 110 270.4
2002 48 135.9 121 002
2003 52 516.3 136 564.6
2004 59 501 160 714.4
2005 68 352.6 185 895.8
2006 79 145.2 217 656.6
2007 93 571.6 268 019.4
2008 114 830.1 316 751.7
2009 132 678.4 345 629.2
2010 156 998.4 408 903
2011 183 918.6 484 123.5
2012 210 307 534 123
2013 242 842.8 588 018.8
2014 271 896.1 636 138.7